[
  {
    "matrix_ID": "core/beta",
    "parameters": 3,
    "matrix": [
      [
        1,
        2,
        3
      ],
      [
        2,
        6,
        12
      ],
      [
        3,
        12,
        30
      ]
    ]
  },
  {
    "matrix_ID": "core/beta",
    "parameters": 5,
    "matrix": [
      [
        1,
        2,
        3,
        4,
        5
      ],
      [
        2,
        6,
        12,
        20,
        30
      ],
      [
        3,
        12,
        30,
        60,
        105
      ],
      [
        4,
        20,
        60,
        140,
        280
      ],
      [
        5,
        30,
        105,
        280,
        630
      ]
    ]
  },
  {
    "matrix_ID": "core/beta",
    "parameters": 8,
    "matrix": [
      [
        1,
        2,
        3,
        4,
        5,
        6,
        7,
        8
      ],
      [
        2,
        6,
        12,
        20,
        30,
        42,
        56,
        72
      ],
      [
        3,
        12,
        30,
        60,
        105,
        168,
        252,
        360
      ],
      [
        4,
        20,
        60,
        140,
        280,
        504,
        840,
        1320
      ],
      [
        5,
        30,
        105,
        280,
        630,
        1260,
        2310,
        3960
      ],
      [
        6,
        42,
        168,
        504,
        1260,
        2772,
        5544,
        10296
      ],
      [
        7,
        56,
        252,
        840,
        2310,
        5544,
        12012,
        24024
      ],
      [
        8,
        72,
        360,
        1320,
        3960,
        10296,
        24024,
        51480
      ]
    ]
  },
  {
    "matrix_ID": "core/beta",
    "parameters": 10,
    "matrix": [
      [
        1,
        2,
        3,
        4,
        5,
        6,
        7,
        8,
        9,
        10
      ],
      [
        2,
        6,
        12,
        20,
        30,
        42,
        56,
        72,
        90,
        110
      ],
      [
        3,
        12,
        30,
        60,
        105,
        168,
        252,
        360,
        495,
        660
      ],
      [
        4,
        20,
        60,
        140,
        280,
        504,
        840,
        1320,
        1980,
        2860
      ],
      [
        5,
        30,
        105,
        280,
        630,
        1260,
        2310,
        3960,
        6435,
        10010
      ],
      [
        6,
        42,
        168,
        504,
        1260,
        2772,
        5544,
        10296,
        18018,
        30030
      ],
      [
        7,
        56,
        252,
        840,
        2310,
        5544,
        12012,
        24024,
        45045,
        80080
      ],
      [
        8,
        72,
        360,
        1320,
        3960,
        10296,
        24024,
        51480,
        102960,
        194480
      ],
      [
        9,
        90,
        495,
        1980,
        6435,
        18018,
        45045,
        102960,
        218790,
        437580
      ],
      [
        10,
        110,
        660,
        2860,
        10010,
        30030,
        80080,
        194480,
        437580,
        923780
      ]
    ]
  },
  {
    "matrix_ID": "core/beta",
    "parameters": 15,
    "matrix": [
      [
        1,
        2,
        3,
        4,
        5,
        6,
        7,
        8,
        9,
        10,
        11,
        12,
        13,
        14,
        15
      ],
      [
        2,
        6,
        12,
        20,
        30,
        42,
        56,
        72,
        90,
        110,
        132,
        156,
        182,
        210,
        240
      ],
      [
        3,
        12,
        30,
        60,
        105,
        168,
        252,
        360,
        495,
        660,
        858,
        1092,
        1365,
        1680,
        2040
      ],
      [
        4,
        20,
        60,
        140,
        280,
        504,
        840,
        1320,
        1980,
        2860,
        4004,
        5460,
        7280,
        9520,
        12240
      ],
      [
        5,
        30,
        105,
        280,
        630,
        1260,
        2310,
        3960,
        6435,
        10010,
        15015,
        21840,
        30940,
        42840,
        58140
      ],
      [
        6,
        42,
        168,
        504,
        1260,
        2772,
        5544,
        10296,
        18018,
        30030,
        48048,
        74256,
        111384,
        162792,
        232560
      ],
      [
        7,
        56,
        252,
        840,
        2310,
        5544,
        12012,
        24024,
        45045,
        80080,
        136136,
        222768,
        352716,
        542640,
        813960
      ],
      [
        8,
        72,
        360,
        1320,
        3960,
        10296,
        24024,
        51480,
        102960,
        194480,
        350064,
        604656,
        1.00776E+6,
        1.62792E+6,
        2.55816E+6
      ],
      [
        9,
        90,
        495,
        1980,
        6435,
        18018,
        45045,
        102960,
        218790,
        437580,
        831402,
        1.51164E+6,
        2.64537E+6,
        4.47678E+6,
        7.35471E+6
      ],
      [
        10,
        110,
        660,
        2860,
        10010,
        30030,
        80080,
        194480,
        437580,
        923780,
        1.84756E+6,
        3.52716E+6,
        6.46646E+6,
        1.144066E+7,
        1.961256E+7
      ],
      [
        11,
        132,
        858,
        4004,
        15015,
        48048,
        136136,
        350064,
        831402,
        1.84756E+6,
        3.879876E+6,
        7.759752E+6,
        1.4872858E+7,
        2.7457584E+7,
        4.90314E+7
      ],
      [
        12,
        156,
        1092,
        5460,
        21840,
        74256,
        222768,
        604656,
        1.51164E+6,
        3.52716E+6,
        7.759752E+6,
        1.6224936E+7,
        3.2449872E+7,
        6.24036E+7,
        1.158924E+8
      ],
      [
        13,
        182,
        1365,
        7280,
        30940,
        111384,
        352716,
        1.00776E+6,
        2.64537E+6,
        6.46646E+6,
        1.4872858E+7,
        3.2449872E+7,
        6.76039E+7,
        1.352078E+8,
        2.607579E+8
      ],
      [
        14,
        210,
        1680,
        9520,
        42840,
        162792,
        542640,
        1.62792E+6,
        4.47678E+6,
        1.144066E+7,
        2.7457584E+7,
        6.24036E+7,
        1.352078E+8,
        2.808162E+8,
        5.616324E+8
      ],
      [
        15,
        240,
        2040,
        12240,
        58140,
        232560,
        813960,
        2.55816E+6,
        7.35471E+6,
        1.961256E+7,
        4.90314E+7,
        1.158924E+8,
        2.607579E+8,
        5.616324E+8,
        1.1633814E+9
      ]
    ]
  },
  {
    "matrix_ID": "core/beta",
    "parameters": 24,
    "matrix": [
      [
        1,
        2,
        3,
        4,
        5,
        6,
        7,
        8,
        9,
        10,
        11,
        12,
        13,
        14,
        15,
        16,
        17,
        18,
        19,
        20,
        21,
        22,
        23,
        24
      ],
      [
        2,
        6,
        12,
        20,
        30,
        42,
        56,
        72,
        90,
        110,
        132,
        156,
        182,
        210,
        240,
        272,
        306,
        342,
        380,
        420,
        462,
        506,
        552,
        600
      ],
      [
        3,
        12,
        30,
        60,
        105,
        168,
        252,
        360,
        495,
        660,
        858,
        1092,
        1365,
        1680,
        2040,
        2448,
        2907,
        3420,
        3990,
        4620,
        5313,
        6072,
        6900,
        7800
      ],
      [
        4,
        20,
        60,
        140,
        280,
        504,
        840,
        1320,
        1980,
        2860,
        4004,
        5460,
        7280,
        9520,
        12240,
        15504,
        19380,
        23940,
        29260,
        35420,
        42504,
        50600,
        59800,
        70200
      ],
      [
        5,
        30,
        105,
        280,
        630,
        1260,
        2310,
        3960,
        6435,
        10010,
        15015,
        21840,
        30940,
        42840,
        58140,
        77520,
        101745,
        131670,
        168245,
        212520,
        265650,
        328900,
        403650,
        491400
      ],
      [
        6,
        42,
        168,
        504,
        1260,
        2772,
        5544,
        10296,
        18018,
        30030,
        48048,
        74256,
        111384,
        162792,
        232560,
        325584,
        447678,
        605682,
        807576,
        1.0626E+6,
        1.38138E+6,
        1.77606E+6,
        2.26044E+6,
        2.85012E+6
      ],
      [
        7,
        56,
        252,
        840,
        2310,
        5544,
        12012,
        24024,
        45045,
        80080,
        136136,
        222768,
        352716,
        542640,
        813960,
        1.193808E+6,
        1.716099E+6,
        2.422728E+6,
        3.3649E+6,
        4.6046E+6,
        6.21621E+6,
        8.28828E+6,
        1.092546E+7,
        1.42506E+7
      ],
      [
        8,
        72,
        360,
        1320,
        3960,
        10296,
        24024,
        51480,
        102960,
        194480,
        350064,
        604656,
        1.00776E+6,
        1.62792E+6,
        2.55816E+6,
        3.922512E+6,
        5.883768E+6,
        8.6526E+6,
        1.24982E+7,
        1.77606E+7,
        2.486484E+7,
        3.433716E+7,
        4.68234E+7,
        6.31098E+7
      ],
      [
        9,
        90,
        495,
        1980,
        6435,
        18018,
        45045,
        102960,
        218790,
        437580,
        831402,
        1.51164E+6,
        2.64537E+6,
        4.47678E+6,
        7.35471E+6,
        1.1767536E+7,
        1.8386775E+7,
        2.812095E+7,
        4.2181425E+7,
        6.21621E+7,
        9.0135045E+7,
        1.2876435E+8,
        1.81440675E+8,
        2.524392E+8
      ],
      [
        10,
        110,
        660,
        2860,
        10010,
        30030,
        80080,
        194480,
        437580,
        923780,
        1.84756E+6,
        3.52716E+6,
        6.46646E+6,
        1.144066E+7,
        1.961256E+7,
        3.26876E+7,
        5.311735E+7,
        8.436285E+7,
        1.312311E+8,
        2.003001E+8,
        3.0045015E+8,
        4.4352165E+8,
        6.451224E+8,
        9.256104E+8
      ],
      [
        11,
        132,
        858,
        4004,
        15015,
        48048,
        136136,
        350064,
        831402,
        1.84756E+6,
        3.879876E+6,
        7.759752E+6,
        1.4872858E+7,
        2.7457584E+7,
        4.90314E+7,
        8.498776E+7,
        1.43416845E+8,
        2.3621598E+8,
        3.8057019E+8,
        6.009003E+8,
        9.31395465E+8,
        1.41926928E+9,
        2.12890392E+9,
        3.14707536E+9
      ],
      [
        12,
        156,
        1092,
        5460,
        21840,
        74256,
        222768,
        604656,
        1.51164E+6,
        3.52716E+6,
        7.759752E+6,
        1.6224936E+7,
        3.2449872E+7,
        6.24036E+7,
        1.158924E+8,
        2.0860632E+8,
        3.6506106E+8,
        6.2275122E+8,
        1.0379187E+9,
        1.6934463E+9,
        2.70951408E+9,
        4.25780784E+9,
        6.58024848E+9,
        1.00134216E+10
      ],
      [
        13,
        182,
        1365,
        7280,
        30940,
        111384,
        352716,
        1.00776E+6,
        2.64537E+6,
        6.46646E+6,
        1.4872858E+7,
        3.2449872E+7,
        6.76039E+7,
        1.352078E+8,
        2.607579E+8,
        4.8674808E+8,
        8.82230895E+8,
        1.55687805E+9,
        2.681289975E+9,
        4.5158568E+9,
        7.45116372E+9,
        1.206378888E+10,
        1.91923914E+10,
        3.00402648E+10
      ],
      [
        14,
        210,
        1680,
        9520,
        42840,
        162792,
        542640,
        1.62792E+6,
        4.47678E+6,
        1.144066E+7,
        2.7457584E+7,
        6.24036E+7,
        1.352078E+8,
        2.808162E+8,
        5.616324E+8,
        1.08582264E+9,
        2.03591745E+9,
        3.71255535E+9,
        6.6000984E+9,
        1.14633288E+10,
        1.948765896E+10,
        3.24794316E+10,
        5.31481608E+10,
        8.54992152E+10
      ],
      [
        15,
        240,
        2040,
        12240,
        58140,
        232560,
        813960,
        2.55816E+6,
        7.35471E+6,
        1.961256E+7,
        4.90314E+7,
        1.158924E+8,
        2.607579E+8,
        5.616324E+8,
        1.1633814E+9,
        2.3267628E+9,
        4.508102925E+9,
        8.4858408E+9,
        1.55573748E+10,
        2.78395128E+10,
        4.87191474E+10,
        8.35185384E+10,
        1.404629964E+11,
        2.320692984E+11
      ],
      [
        16,
        272,
        2448,
        15504,
        77520,
        325584,
        1.193808E+6,
        3.922512E+6,
        1.1767536E+7,
        3.26876E+7,
        8.498776E+7,
        2.0860632E+8,
        4.8674808E+8,
        1.08582264E+9,
        2.3267628E+9,
        4.80864312E+9,
        9.61728624E+9,
        1.866884976E+10,
        3.526338288E+10,
        6.49588632E+10,
        1.1692595376E+11,
        2.0601239472E+11,
        3.5583959088E+11,
        6.0338017584E+11
      ],
      [
        17,
        306,
        2907,
        19380,
        101745,
        447678,
        1.716099E+6,
        5.883768E+6,
        1.8386775E+7,
        5.311735E+7,
        1.43416845E+8,
        3.6506106E+8,
        8.82230895E+8,
        2.03591745E+9,
        4.508102925E+9,
        9.61728624E+9,
        1.983565287E+10,
        3.967130574E+10,
        7.713865005E+10,
        1.461574422E+11,
        2.7039126807E+11,
        4.8927943746E+11,
        8.6735900277E+11,
        1.5084504396E+12
      ],
      [
        18,
        342,
        3420,
        23940,
        131670,
        605682,
        2.422728E+6,
        8.6526E+6,
        2.812095E+7,
        8.436285E+7,
        2.3621598E+8,
        6.2275122E+8,
        1.55687805E+9,
        3.71255535E+9,
        8.4858408E+9,
        1.866884976E+10,
        3.967130574E+10,
        8.16762177E+10,
        1.633524354E+11,
        3.181073742E+11,
        6.0440401098E+11,
        1.12246459182E+12,
        2.0408447124E+12,
        3.6380275308E+12
      ],
      [
        19,
        380,
        3990,
        29260,
        168245,
        807576,
        3.3649E+6,
        1.24982E+7,
        4.2181425E+7,
        1.312311E+8,
        3.8057019E+8,
        1.0379187E+9,
        2.681289975E+9,
        6.6000984E+9,
        1.55573748E+10,
        3.526338288E+10,
        7.713865005E+10,
        1.633524354E+11,
        3.357800061E+11,
        6.715600122E+11,
        1.30954202379E+12,
        2.4943657596E+12,
        4.6485907338E+12,
        8.4887309052E+12
      ],
      [
        20,
        420,
        4620,
        35420,
        212520,
        1.0626E+6,
        4.6046E+6,
        1.77606E+7,
        6.21621E+7,
        2.003001E+8,
        6.009003E+8,
        1.6934463E+9,
        4.5158568E+9,
        1.14633288E+10,
        2.78395128E+10,
        6.49588632E+10,
        1.461574422E+11,
        3.181073742E+11,
        6.715600122E+11,
        1.3784652882E+12,
        2.7569305764E+12,
        5.3825787444E+12,
        1.02758321484E+13,
        1.92113383644E+13
      ],
      [
        21,
        462,
        5313,
        42504,
        265650,
        1.38138E+6,
        6.21621E+6,
        2.486484E+7,
        9.0135045E+7,
        3.0045015E+8,
        9.31395465E+8,
        2.70951408E+9,
        7.45116372E+9,
        1.948765896E+10,
        4.87191474E+10,
        1.1692595376E+11,
        2.7039126807E+11,
        6.0440401098E+11,
        1.30954202379E+12,
        2.7569305764E+12,
        5.65170768162E+12,
        1.130341536324E+13,
        2.209303911906E+13,
        4.226494440168E+13
      ],
      [
        22,
        506,
        6072,
        50600,
        328900,
        1.77606E+6,
        8.28828E+6,
        3.433716E+7,
        1.2876435E+8,
        4.4352165E+8,
        1.41926928E+9,
        4.25780784E+9,
        1.206378888E+10,
        3.24794316E+10,
        8.35185384E+10,
        2.0601239472E+11,
        4.8927943746E+11,
        1.12246459182E+12,
        2.4943657596E+12,
        5.3825787444E+12,
        1.130341536324E+13,
        2.314508860092E+13,
        4.629017720184E+13,
        9.05677380036E+13
      ],
      [
        23,
        552,
        6900,
        59800,
        403650,
        2.26044E+6,
        1.092546E+7,
        4.68234E+7,
        1.81440675E+8,
        6.451224E+8,
        2.12890392E+9,
        6.58024848E+9,
        1.91923914E+10,
        5.31481608E+10,
        1.404629964E+11,
        3.5583959088E+11,
        8.6735900277E+11,
        2.0408447124E+12,
        4.6485907338E+12,
        1.02758321484E+13,
        2.209303911906E+13,
        4.629017720184E+13,
        9.46844533674E+13,
        1.893689067348E+14
      ],
      [
        24,
        600,
        7800,
        70200,
        491400,
        2.85012E+6,
        1.42506E+7,
        6.31098E+7,
        2.524392E+8,
        9.256104E+8,
        3.14707536E+9,
        1.00134216E+10,
        3.00402648E+10,
        8.54992152E+10,
        2.320692984E+11,
        6.0338017584E+11,
        1.5084504396E+12,
        3.6380275308E+12,
        8.4887309052E+12,
        1.92113383644E+13,
        4.226494440168E+13,
        9.05677380036E+13,
        1.893689067348E+14,
        3.869712441972E+14
      ]
    ]
  },
  {
    "matrix_ID": "core/beta",
    "parameters": 25,
    "matrix": [
      [
        1,
        2,
        3,
        4,
        5,
        6,
        7,
        8,
        9,
        10,
        11,
        12,
        13,
        14,
        15,
        16,
        17,
        18,
        19,
        20,
        21,
        22,
        23,
        24,
        25
      ],
      [
        2,
        6,
        12,
        20,
        30,
        42,
        56,
        72,
        90,
        110,
        132,
        156,
        182,
        210,
        240,
        272,
        306,
        342,
        380,
        420,
        462,
        506,
        552,
        600,
        650
      ],
      [
        3,
        12,
        30,
        60,
        105,
        168,
        252,
        360,
        495,
        660,
        858,
        1092,
        1365,
        1680,
        2040,
        2448,
        2907,
        3420,
        3990,
        4620,
        5313,
        6072,
        6900,
        7800,
        8775
      ],
      [
        4,
        20,
        60,
        140,
        280,
        504,
        840,
        1320,
        1980,
        2860,
        4004,
        5460,
        7280,
        9520,
        12240,
        15504,
        19380,
        23940,
        29260,
        35420,
        42504,
        50600,
        59800,
        70200,
        81900
      ],
      [
        5,
        30,
        105,
        280,
        630,
        1260,
        2310,
        3960,
        6435,
        10010,
        15015,
        21840,
        30940,
        42840,
        58140,
        77520,
        101745,
        131670,
        168245,
        212520,
        265650,
        328900,
        403650,
        491400,
        593775
      ],
      [
        6,
        42,
        168,
        504,
        1260,
        2772,
        5544,
        10296,
        18018,
        30030,
        48048,
        74256,
        111384,
        162792,
        232560,
        325584,
        447678,
        605682,
        807576,
        1.0626E+6,
        1.38138E+6,
        1.77606E+6,
        2.26044E+6,
        2.85012E+6,
        3.56265E+6
      ],
      [
        7,
        56,
        252,
        840,
        2310,
        5544,
        12012,
        24024,
        45045,
        80080,
        136136,
        222768,
        352716,
        542640,
        813960,
        1.193808E+6,
        1.716099E+6,
        2.422728E+6,
        3.3649E+6,
        4.6046E+6,
        6.21621E+6,
        8.28828E+6,
        1.092546E+7,
        1.42506E+7,
        1.8407025E+7
      ],
      [
        8,
        72,
        360,
        1320,
        3960,
        10296,
        24024,
        51480,
        102960,
        194480,
        350064,
        604656,
        1.00776E+6,
        1.62792E+6,
        2.55816E+6,
        3.922512E+6,
        5.883768E+6,
        8.6526E+6,
        1.24982E+7,
        1.77606E+7,
        2.486484E+7,
        3.433716E+7,
        4.68234E+7,
        6.31098E+7,
        8.41464E+7
      ],
      [
        9,
        90,
        495,
        1980,
        6435,
        18018,
        45045,
        102960,
        218790,
        437580,
        831402,
        1.51164E+6,
        2.64537E+6,
        4.47678E+6,
        7.35471E+6,
        1.1767536E+7,
        1.8386775E+7,
        2.812095E+7,
        4.2181425E+7,
        6.21621E+7,
        9.0135045E+7,
        1.2876435E+8,
        1.81440675E+8,
        2.524392E+8,
        3.471039E+8
      ],
      [
        10,
        110,
        660,
        2860,
        10010,
        30030,
        80080,
        194480,
        437580,
        923780,
        1.84756E+6,
        3.52716E+6,
        6.46646E+6,
        1.144066E+7,
        1.961256E+7,
        3.26876E+7,
        5.311735E+7,
        8.436285E+7,
        1.312311E+8,
        2.003001E+8,
        3.0045015E+8,
        4.4352165E+8,
        6.451224E+8,
        9.256104E+8,
        1.3112814E+9
      ],
      [
        11,
        132,
        858,
        4004,
        15015,
        48048,
        136136,
        350064,
        831402,
        1.84756E+6,
        3.879876E+6,
        7.759752E+6,
        1.4872858E+7,
        2.7457584E+7,
        4.90314E+7,
        8.498776E+7,
        1.43416845E+8,
        2.3621598E+8,
        3.8057019E+8,
        6.009003E+8,
        9.31395465E+8,
        1.41926928E+9,
        2.12890392E+9,
        3.14707536E+9,
        4.5894849E+9
      ],
      [
        12,
        156,
        1092,
        5460,
        21840,
        74256,
        222768,
        604656,
        1.51164E+6,
        3.52716E+6,
        7.759752E+6,
        1.6224936E+7,
        3.2449872E+7,
        6.24036E+7,
        1.158924E+8,
        2.0860632E+8,
        3.6506106E+8,
        6.2275122E+8,
        1.0379187E+9,
        1.6934463E+9,
        2.70951408E+9,
        4.25780784E+9,
        6.58024848E+9,
        1.00134216E+10,
        1.50201324E+10
      ],
      [
        13,
        182,
        1365,
        7280,
        30940,
        111384,
        352716,
        1.00776E+6,
        2.64537E+6,
        6.46646E+6,
        1.4872858E+7,
        3.2449872E+7,
        6.76039E+7,
        1.352078E+8,
        2.607579E+8,
        4.8674808E+8,
        8.82230895E+8,
        1.55687805E+9,
        2.681289975E+9,
        4.5158568E+9,
        7.45116372E+9,
        1.206378888E+10,
        1.91923914E+10,
        3.00402648E+10,
        4.63120749E+10
      ],
      [
        14,
        210,
        1680,
        9520,
        42840,
        162792,
        542640,
        1.62792E+6,
        4.47678E+6,
        1.144066E+7,
        2.7457584E+7,
        6.24036E+7,
        1.352078E+8,
        2.808162E+8,
        5.616324E+8,
        1.08582264E+9,
        2.03591745E+9,
        3.71255535E+9,
        6.6000984E+9,
        1.14633288E+10,
        1.948765896E+10,
        3.24794316E+10,
        5.31481608E+10,
        8.54992152E+10,
        1.353737574E+11
      ],
      [
        15,
        240,
        2040,
        12240,
        58140,
        232560,
        813960,
        2.55816E+6,
        7.35471E+6,
        1.961256E+7,
        4.90314E+7,
        1.158924E+8,
        2.607579E+8,
        5.616324E+8,
        1.1633814E+9,
        2.3267628E+9,
        4.508102925E+9,
        8.4858408E+9,
        1.55573748E+10,
        2.78395128E+10,
        4.87191474E+10,
        8.35185384E+10,
        1.404629964E+11,
        2.320692984E+11,
        3.771126099E+11
      ],
      [
        16,
        272,
        2448,
        15504,
        77520,
        325584,
        1.193808E+6,
        3.922512E+6,
        1.1767536E+7,
        3.26876E+7,
        8.498776E+7,
        2.0860632E+8,
        4.8674808E+8,
        1.08582264E+9,
        2.3267628E+9,
        4.80864312E+9,
        9.61728624E+9,
        1.866884976E+10,
        3.526338288E+10,
        6.49588632E+10,
        1.1692595376E+11,
        2.0601239472E+11,
        3.5583959088E+11,
        6.0338017584E+11,
        1.0056336264E+12
      ],
      [
        17,
        306,
        2907,
        19380,
        101745,
        447678,
        1.716099E+6,
        5.883768E+6,
        1.8386775E+7,
        5.311735E+7,
        1.43416845E+8,
        3.6506106E+8,
        8.82230895E+8,
        2.03591745E+9,
        4.508102925E+9,
        9.61728624E+9,
        1.983565287E+10,
        3.967130574E+10,
        7.713865005E+10,
        1.461574422E+11,
        2.7039126807E+11,
        4.8927943746E+11,
        8.6735900277E+11,
        1.5084504396E+12,
        2.57693616765E+12
      ],
      [
        18,
        342,
        3420,
        23940,
        131670,
        605682,
        2.422728E+6,
        8.6526E+6,
        2.812095E+7,
        8.436285E+7,
        2.3621598E+8,
        6.2275122E+8,
        1.55687805E+9,
        3.71255535E+9,
        8.4858408E+9,
        1.866884976E+10,
        3.967130574E+10,
        8.16762177E+10,
        1.633524354E+11,
        3.181073742E+11,
        6.0440401098E+11,
        1.12246459182E+12,
        2.0408447124E+12,
        3.6380275308E+12,
        6.3665481789E+12
      ],
      [
        19,
        380,
        3990,
        29260,
        168245,
        807576,
        3.3649E+6,
        1.24982E+7,
        4.2181425E+7,
        1.312311E+8,
        3.8057019E+8,
        1.0379187E+9,
        2.681289975E+9,
        6.6000984E+9,
        1.55573748E+10,
        3.526338288E+10,
        7.713865005E+10,
        1.633524354E+11,
        3.357800061E+11,
        6.715600122E+11,
        1.30954202379E+12,
        2.4943657596E+12,
        4.6485907338E+12,
        8.4887309052E+12,
        1.520897620515E+13
      ],
      [
        20,
        420,
        4620,
        35420,
        212520,
        1.0626E+6,
        4.6046E+6,
        1.77606E+7,
        6.21621E+7,
        2.003001E+8,
        6.009003E+8,
        1.6934463E+9,
        4.5158568E+9,
        1.14633288E+10,
        2.78395128E+10,
        6.49588632E+10,
        1.461574422E+11,
        3.181073742E+11,
        6.715600122E+11,
        1.3784652882E+12,
        2.7569305764E+12,
        5.3825787444E+12,
        1.02758321484E+13,
        1.92113383644E+13,
        3.52207870014E+13
      ],
      [
        21,
        462,
        5313,
        42504,
        265650,
        1.38138E+6,
        6.21621E+6,
        2.486484E+7,
        9.0135045E+7,
        3.0045015E+8,
        9.31395465E+8,
        2.70951408E+9,
        7.45116372E+9,
        1.948765896E+10,
        4.87191474E+10,
        1.1692595376E+11,
        2.7039126807E+11,
        6.0440401098E+11,
        1.30954202379E+12,
        2.7569305764E+12,
        5.65170768162E+12,
        1.130341536324E+13,
        2.209303911906E+13,
        4.226494440168E+13,
        7.924677075315E+13
      ],
      [
        22,
        506,
        6072,
        50600,
        328900,
        1.77606E+6,
        8.28828E+6,
        3.433716E+7,
        1.2876435E+8,
        4.4352165E+8,
        1.41926928E+9,
        4.25780784E+9,
        1.206378888E+10,
        3.24794316E+10,
        8.35185384E+10,
        2.0601239472E+11,
        4.8927943746E+11,
        1.12246459182E+12,
        2.4943657596E+12,
        5.3825787444E+12,
        1.130341536324E+13,
        2.314508860092E+13,
        4.629017720184E+13,
        9.05677380036E+13,
        1.735881645069E+14
      ],
      [
        23,
        552,
        6900,
        59800,
        403650,
        2.26044E+6,
        1.092546E+7,
        4.68234E+7,
        1.81440675E+8,
        6.451224E+8,
        2.12890392E+9,
        6.58024848E+9,
        1.91923914E+10,
        5.31481608E+10,
        1.404629964E+11,
        3.5583959088E+11,
        8.6735900277E+11,
        2.0408447124E+12,
        4.6485907338E+12,
        1.02758321484E+13,
        2.209303911906E+13,
        4.629017720184E+13,
        9.46844533674E+13,
        1.893689067348E+14,
        3.7084744235565E+14
      ],
      [
        24,
        600,
        7800,
        70200,
        491400,
        2.85012E+6,
        1.42506E+7,
        6.31098E+7,
        2.524392E+8,
        9.256104E+8,
        3.14707536E+9,
        1.00134216E+10,
        3.00402648E+10,
        8.54992152E+10,
        2.320692984E+11,
        6.0338017584E+11,
        1.5084504396E+12,
        3.6380275308E+12,
        8.4887309052E+12,
        1.92113383644E+13,
        4.226494440168E+13,
        9.05677380036E+13,
        1.893689067348E+14,
        3.869712441972E+14,
        7.739424883944E+14
      ],
      [
        25,
        650,
        8775,
        81900,
        593775,
        3.56265E+6,
        1.8407025E+7,
        8.41464E+7,
        3.471039E+8,
        1.3112814E+9,
        4.5894849E+9,
        1.50201324E+10,
        4.63120749E+10,
        1.353737574E+11,
        3.771126099E+11,
        1.0056336264E+12,
        2.57693616765E+12,
        6.3665481789E+12,
        1.520897620515E+13,
        3.52207870014E+13,
        7.924677075315E+13,
        1.735881645069E+14,
        3.7084744235565E+14,
        7.739424883944E+14,
        1.5801325804719E+15
      ]
    ]
  },
  {
    "matrix_ID": "core/beta",
    "parameters": 30,
    "matrix": [
      [
        1,
        2,
        3,
        4,
        5,
        6,
        7,
        8,
        9,
        10,
        11,
        12,
        13,
        14,
        15,
        16,
        17,
        18,
        19,
        20,
        21,
        22,
        23,
        24,
        25,
        26,
        27,
        28,
        29,
        30
      ],
      [
        2,
        6,
        12,
        20,
        30,
        42,
        56,
        72,
        90,
        110,
        132,
        156,
        182,
        210,
        240,
        272,
        306,
        342,
        380,
        420,
        462,
        506,
        552,
        600,
        650,
        702,
        756,
        812,
        870,
        930
      ],
      [
        3,
        12,
        30,
        60,
        105,
        168,
        252,
        360,
        495,
        660,
        858,
        1092,
        1365,
        1680,
        2040,
        2448,
        2907,
        3420,
        3990,
        4620,
        5313,
        6072,
        6900,
        7800,
        8775,
        9828,
        10962,
        12180,
        13485,
        14880
      ],
      [
        4,
        20,
        60,
        140,
        280,
        504,
        840,
        1320,
        1980,
        2860,
        4004,
        5460,
        7280,
        9520,
        12240,
        15504,
        19380,
        23940,
        29260,
        35420,
        42504,
        50600,
        59800,
        70200,
        81900,
        95004,
        109620,
        125860,
        143840,
        163680
      ],
      [
        5,
        30,
        105,
        280,
        630,
        1260,
        2310,
        3960,
        6435,
        10010,
        15015,
        21840,
        30940,
        42840,
        58140,
        77520,
        101745,
        131670,
        168245,
        212520,
        265650,
        328900,
        403650,
        491400,
        593775,
        712530,
        849555,
        1.00688E+6,
        1.18668E+6,
        1.39128E+6
      ],
      [
        6,
        42,
        168,
        504,
        1260,
        2772,
        5544,
        10296,
        18018,
        30030,
        48048,
        74256,
        111384,
        162792,
        232560,
        325584,
        447678,
        605682,
        807576,
        1.0626E+6,
        1.38138E+6,
        1.77606E+6,
        2.26044E+6,
        2.85012E+6,
        3.56265E+6,
        4.417686E+6,
        5.437152E+6,
        6.645408E+6,
        8.069424E+6,
        9.73896E+6
      ],
      [
        7,
        56,
        252,
        840,
        2310,
        5544,
        12012,
        24024,
        45045,
        80080,
        136136,
        222768,
        352716,
        542640,
        813960,
        1.193808E+6,
        1.716099E+6,
        2.422728E+6,
        3.3649E+6,
        4.6046E+6,
        6.21621E+6,
        8.28828E+6,
        1.092546E+7,
        1.42506E+7,
        1.8407025E+7,
        2.3560992E+7,
        2.9904336E+7,
        3.7657312E+7,
        4.707164E+7,
        5.843376E+7
      ],
      [
        8,
        72,
        360,
        1320,
        3960,
        10296,
        24024,
        51480,
        102960,
        194480,
        350064,
        604656,
        1.00776E+6,
        1.62792E+6,
        2.55816E+6,
        3.922512E+6,
        5.883768E+6,
        8.6526E+6,
        1.24982E+7,
        1.77606E+7,
        2.486484E+7,
        3.433716E+7,
        4.68234E+7,
        6.31098E+7,
        8.41464E+7,
        1.11073248E+8,
        1.45249632E+8,
        1.8828656E+8,
        2.4208272E+8,
        3.0886416E+8
      ],
      [
        9,
        90,
        495,
        1980,
        6435,
        18018,
        45045,
        102960,
        218790,
        437580,
        831402,
        1.51164E+6,
        2.64537E+6,
        4.47678E+6,
        7.35471E+6,
        1.1767536E+7,
        1.8386775E+7,
        2.812095E+7,
        4.2181425E+7,
        6.21621E+7,
        9.0135045E+7,
        1.2876435E+8,
        1.81440675E+8,
        2.524392E+8,
        3.471039E+8,
        4.72061304E+8,
        6.3546714E+8,
        8.4728952E+8,
        1.11963258E+9,
        1.46710476E+9
      ],
      [
        10,
        110,
        660,
        2860,
        10010,
        30030,
        80080,
        194480,
        437580,
        923780,
        1.84756E+6,
        3.52716E+6,
        6.46646E+6,
        1.144066E+7,
        1.961256E+7,
        3.26876E+7,
        5.311735E+7,
        8.436285E+7,
        1.312311E+8,
        2.003001E+8,
        3.0045015E+8,
        4.4352165E+8,
        6.451224E+8,
        9.256104E+8,
        1.3112814E+9,
        1.83579396E+9,
        2.54186856E+9,
        3.48330136E+9,
        4.72733756E+9,
        6.35745396E+9
      ],
      [
        11,
        132,
        858,
        4004,
        15015,
        48048,
        136136,
        350064,
        831402,
        1.84756E+6,
        3.879876E+6,
        7.759752E+6,
        1.4872858E+7,
        2.7457584E+7,
        4.90314E+7,
        8.498776E+7,
        1.43416845E+8,
        2.3621598E+8,
        3.8057019E+8,
        6.009003E+8,
        9.31395465E+8,
        1.41926928E+9,
        2.12890392E+9,
        3.14707536E+9,
        4.5894849E+9,
        6.608858256E+9,
        9.404913672E+9,
        1.3236545168E+10,
        1.8436616484E+10,
        2.542981584E+10
      ],
      [
        12,
        156,
        1092,
        5460,
        21840,
        74256,
        222768,
        604656,
        1.51164E+6,
        3.52716E+6,
        7.759752E+6,
        1.6224936E+7,
        3.2449872E+7,
        6.24036E+7,
        1.158924E+8,
        2.0860632E+8,
        3.6506106E+8,
        6.2275122E+8,
        1.0379187E+9,
        1.6934463E+9,
        2.70951408E+9,
        4.25780784E+9,
        6.58024848E+9,
        1.00134216E+10,
        1.50201324E+10,
        2.2229795952E+10,
        3.2489701776E+10,
        4.6929569232E+10,
        6.704224176E+10,
        9.478385904E+10
      ],
      [
        13,
        182,
        1365,
        7280,
        30940,
        111384,
        352716,
        1.00776E+6,
        2.64537E+6,
        6.46646E+6,
        1.4872858E+7,
        3.2449872E+7,
        6.76039E+7,
        1.352078E+8,
        2.607579E+8,
        4.8674808E+8,
        8.82230895E+8,
        1.55687805E+9,
        2.681289975E+9,
        4.5158568E+9,
        7.45116372E+9,
        1.206378888E+10,
        1.91923914E+10,
        3.00402648E+10,
        4.63120749E+10,
        7.0394353848E+10,
        1.05591530772E+11,
        1.5643189744E+11,
        2.2906099268E+11,
        3.3174350664E+11
      ],
      [
        14,
        210,
        1680,
        9520,
        42840,
        162792,
        542640,
        1.62792E+6,
        4.47678E+6,
        1.144066E+7,
        2.7457584E+7,
        6.24036E+7,
        1.352078E+8,
        2.808162E+8,
        5.616324E+8,
        1.08582264E+9,
        2.03591745E+9,
        3.71255535E+9,
        6.6000984E+9,
        1.14633288E+10,
        1.948765896E+10,
        3.24794316E+10,
        5.31481608E+10,
        8.54992152E+10,
        1.353737574E+11,
        2.11183061544E+11,
        3.2489701776E+11,
        4.9336213808E+11,
        7.4004320712E+11,
        1.09730544504E+12
      ],
      [
        15,
        240,
        2040,
        12240,
        58140,
        232560,
        813960,
        2.55816E+6,
        7.35471E+6,
        1.961256E+7,
        4.90314E+7,
        1.158924E+8,
        2.607579E+8,
        5.616324E+8,
        1.1633814E+9,
        2.3267628E+9,
        4.508102925E+9,
        8.4858408E+9,
        1.55573748E+10,
        2.78395128E+10,
        4.87191474E+10,
        8.35185384E+10,
        1.404629964E+11,
        2.320692984E+11,
        3.771126099E+11,
        6.0338017584E+11,
        9.5148412344E+11,
        1.48008641424E+12,
        2.27298985044E+12,
        3.44867425584E+12
      ],
      [
        16,
        272,
        2448,
        15504,
        77520,
        325584,
        1.193808E+6,
        3.922512E+6,
        1.1767536E+7,
        3.26876E+7,
        8.498776E+7,
        2.0860632E+8,
        4.8674808E+8,
        1.08582264E+9,
        2.3267628E+9,
        4.80864312E+9,
        9.61728624E+9,
        1.866884976E+10,
        3.526338288E+10,
        6.49588632E+10,
        1.1692595376E+11,
        2.0601239472E+11,
        3.5583959088E+11,
        6.0338017584E+11,
        1.0056336264E+12,
        1.649239147296E+12,
        2.664155545632E+12,
        4.242914387488E+12,
        6.667436894624E+12,
        1.034602276752E+13
      ],
      [
        17,
        306,
        2907,
        19380,
        101745,
        447678,
        1.716099E+6,
        5.883768E+6,
        1.8386775E+7,
        5.311735E+7,
        1.43416845E+8,
        3.6506106E+8,
        8.82230895E+8,
        2.03591745E+9,
        4.508102925E+9,
        9.61728624E+9,
        1.983565287E+10,
        3.967130574E+10,
        7.713865005E+10,
        1.461574422E+11,
        2.7039126807E+11,
        4.8927943746E+11,
        8.6735900277E+11,
        1.5084504396E+12,
        2.57693616765E+12,
        4.329252761652E+12,
        7.159918028886E+12,
        1.1668014565592E+13,
        1.875216626613E+13,
